GenderCode,(All),,,,
,,,,,
Count of FirstName,Column Labels,,,,
Row Labels,LOW,MED,VERY HIGH,(blank),Grand Total
BPC,34,101,15,152,302
CCDR,47,83,15,155,300
EW,41,99,14,148,302
MSC,39,109,9,139,296
NEL,41,98,15,150,304
PL,33,98,12,158,301
PYZ,41,101,15,142,299
SVG,43,108,16,137,304
TNS,45,92,13,147,297
WBL,34,109,13,138,294
Grand Total,398,998,137,1466,2999
